1.0
1.607460512985083
2.5337193176490174
10.286622361677086
25.622034889093218
92.81548178122176
475.22096836692015
1312.7532325875243
1926.2579770221355
2158.3791716474066
2337.248358255444
2395.2666147065656
2434.943034098841
2469.228397372602
2481.4164918596393
2492.207878956594
2505.869820410131
2515.121059095545
2519.8645936696703
2523.775530036637
2529.348429906835
2530.1997272268186
2533.8607671438126
2535.4788343045516
2537.2821971230583
2540.282480643736
2541.307585172869
2541.724628117918
2544.246852629359
2545.2073123409946
2546.65027660838
2546.529545164029
2546.4097516856127
2547.4911450103054
2548.092137490347
2548.273889908739
2549.5336244787195
2548.5136248008903
2549.053266156793
2549.173459572798
2550.4952494851536
2549.653334433952
2549.5333549898555
2550.194483861393
2551.0354179573583
2550.975573150136
2550.615151333891
2550.1938372554014
2550.735450912662
2551.2155623575895
2551.516004755635
2551.0951803943103
2551.3355340165863
2550.795248158789
2551.335803315222
2551.636418351907
2552.1167438482526
2551.275804816497
2551.9963556196963
2552.1767740535356
2551.755990901983
2551.9362937398014
2552.897470762974
2552.0566851396597
2552.5972642290676
2552.236775757512
2552.5369759236605
2552.4771436284577
2552.5371105096683
2552.6573356141885
2552.356989779624
2552.477009039318
2552.296883560829
2552.2968566411023
2552.717297755541
2552.476982121485
2552.897470762974
2552.65741636196
2552.7774467221366
2552.9575880650054
2552.957507326692
2553.017676870343
2552.957668803304
2552.4769013679756
2553.017676870343
2552.777285234131
2553.0175961339314
2553.0777371810004
2553.0177306946093
2552.71727084024
2553.1978530570236
2553.378068826185
2552.8975245897796
2552.65722795047
2552.7773659781415
2552.8976322433696
2552.717243924937
2552.597371895291
2552.9575880650054
2553.137903553327
