1.0
0.9925394870149171
1.1662806823509828
1.8133776383229128
4.877965110906782
13.88451821877824
112.57903163307978
605.4467674124758
1167.7420229778645
1321.6208283525937
1552.3516417445558
1591.2333852934341
1617.1569659011589
1640.571602627398
1648.683508140361
1655.592121043406
1664.930179589869
1671.0789409044546
1674.2354063303299
1676.8244699633633
1680.5515700931646
1681.1002727731816
1683.5392328561868
1684.621165695449
1685.8178028769423
1687.8175193562643
1688.4924148271314
1688.7753718820818
1690.4531473706404
1691.0926876590056
1692.0497233916196
1691.9704548359712
1691.8902483143872
1692.608854989695
1693.0078625096535
1693.126110091261
1693.9663755212805
1693.28637519911
1693.6467338432067
1693.7265404272018
1694.6047505148467
1694.0466655660477
1693.9666450101445
1694.4055161386075
1694.9645820426417
1694.9244268498637
1694.684848666109
1694.406162744599
1694.7645490873379
1695.0844376424106
1695.283995244365
1695.00481960569
1695.164465983414
1694.8047518412113
1695.1641966847778
1695.3635816480928
1695.6832561517476
1695.124195183503
1695.603644380304
1695.7232259464643
1695.4440090980167
1695.5637062601988
1696.2025292370263
1695.6433148603403
1696.0027357709328
1695.763224242488
1695.9630240763395
1695.922856371542
1695.9628894903317
1696.0426643858113
1695.8430102203756
1695.9229909606818
1695.8031164391716
1695.8031433588983
1696.0827022444591
1695.9230178785147
1696.2025292370263
1696.0425836380402
1696.1225532778633
1696.2424119349944
1696.2424926733079
1696.282323129657
1696.2423311966961
1695.923098632024
1696.282323129657
1696.1227147658687
1696.2824038660688
1696.3222628189992
1696.2822693053906
1696.0827291597602
1696.4021469429767
1696.5219311738147
1696.2024754102208
1696.04277204953
1696.1226340218584
1696.2023677566308
1696.082756075063
1696.0026281047096
1696.2424119349944
1696.3620964466731
