1.0
2.1761109555719975
5.630432774095494
14.476530924352083
167.58842251474238
782.737124525414
1329.356225477207
1450.4460409467197
1497.3379259540843
1534.5000699177156
1553.595322007177
1568.2018868814687
1573.8662800680104
1579.775126723976
1584.83387707253
1587.6089256378466
1590.6711024874257
1592.4064433457856
1593.9840916080482
1595.9158859450429
1596.697294093312
1596.8470484982627
1597.2140627933377
1597.8016023720859
1597.8058932776203
1598.785699091189
1598.8919784418024
1599.1900941044994
1599.3389924622234
1599.2023572965993
1599.2186048108815
1599.4639536081613
1599.9173981923193
1599.5673488165617
1599.9052953150142
1599.8052953150143
1599.835235595919
1599.8799863620168
1600.0448409709443
1599.8799863620168
1600.0440517948352
1599.9920690597803
1599.8790277568799
1599.9920690597803
1600.0546512027204
1599.9579208563134
1600.0214559304698
1600.0
1600.0
1600.0
1600.0546512027204
1600.109302405441
1600.0
1600.0
1600.0
1600.0546512027204
1600.0214559304698
1600.0
1600.0
1600.0
1600.0546512027204
1600.0
1600.0546512027204
1600.0
1600.0
1600.0
1600.0
1600.0546512027204
1600.0
1600.0
1600.0
1600.0
1600.0
1600.0
1600.0546512027204
1600.0
1600.0
1600.0
1600.0
1600.0
1600.0
1600.0
1600.0
1600.0
1600.0
1600.0
1600.0
1600.0
1600.0
1600.0
1600.0
1600.0
1600.0
1600.0
1600.0
1600.0
1600.0
1600.0
1600.0
1600.0
