1.0
1.3238890444280025
2.2695672259045057
4.723469075647917
33.71157748525762
402.1628754745861
1292.143774522793
1425.7539590532801
1478.2620740459156
1526.0999300822843
1545.8046779928231
1560.1981131185314
1568.6337199319896
1575.224873276024
1580.0661229274701
1583.8910743621534
1587.2288975125743
1588.6935566542143
1592.2159083919516
1593.784114054957
1594.2027059066882
1594.9529515017375
1595.1859372066624
1595.898397627914
1596.7941067223796
1597.314300908811
1597.6080215581976
1598.4099058955005
1598.2610075377765
1598.2976427034007
1598.3813951891184
1598.8360463918389
1598.9826018076808
1599.0326511834382
1599.1947046849857
1599.0947046849858
1599.364764404081
1599.320013637983
1599.5551590290556
1599.320013637983
1599.755948205165
1599.6079309402196
1599.4209722431203
1599.6079309402196
1599.8453487972797
1599.5420791436866
1599.67854406953
1600.0
1600.0
1600.0
1599.8453487972797
1599.6906975945592
1600.0
1600.0
1600.0
1599.8453487972797
1599.67854406953
1600.0
1600.0
1600.0
1599.8453487972797
1600.0
1599.8453487972797
1600.0
1600.0
1600.0
1600.0
1599.8453487972797
1600.0
1600.0
1600.0
1600.0
1600.0
1600.0
1599.8453487972797
1600.0
1600.0
1600.0
1600.0
1600.0
1600.0
1600.0
1600.0
1600.0
1600.0
1600.0
1600.0
1600.0
1600.0
1600.0
1600.0
1600.0
1600.0
1600.0
1600.0
1600.0
1600.0
1600.0
1600.0
1600.0
