1.0
1.8221096055324566
3.36026911542804
13.688939045938687
20.101670986284507
78.37975635277223
401.0591980167968
1666.3244421720738
2097.5344970024703
2349.280810752458
2458.1095039369084
2505.513841713562
2539.042471014406
2563.4174001887627
2581.696669316213
2593.194199659109
2600.5687239103872
2607.5515796923764
2478.6511325859856
2484.638766066379
2484.5352777872854
2487.511573841815
2489.7898209310406
2490.98711507757
2493.8632300412232
2494.0603830296873
2494.2751974225425
2495.518046891904
2496.4415579080382
2497.274374075735
2497.416030520922
2498.3997354469416
2498.2434553215585
2498.4138279617314
2499.135208708411
2499.036849342554
2498.833719317649
2498.8548681839134
2499.2943680002563
2499.3998677234704
2499.4801726494507
2499.6987455310186
2499.7712136104574
2499.5529939715047
2499.7712136104574
2499.7528533938785
2499.8799863620166
2499.9841381195606
2499.8799863620166
2499.8799863620166
2499.9673488165618
2499.9579208563136
2499.9673488165618
2500.0546512027204
2499.9920690597805
2500.0214559304695
2500.0881035896705
2500.0546512027204
2500.0
2500.0546512027204
2500.0214559304695
2500.0
2500.0440517948355
2500.0546512027204
2500.0
2500.0546512027204
2500.0
2500.0546512027204
2500.0546512027204
2500.0
2500.0546512027204
2500.0440517948355
2500.0
2500.0546512027204
2500.0
2500.0546512027204
2500.0546512027204
2500.0
2500.0440517948355
2500.0
2500.0546512027204
2500.0
2500.0
2500.0
2500.0
2500.0
2500.0546512027204
2500.0
2500.0546512027204
2500.0
2500.0
2500.0
2500.0
2500.0
2500.0
2500.0
2500.0
2500.0
2500.0
2500.0
