1.0
1.1778903944675434
1.7397308845719595
3.0110609540613122
5.298329013715491
12.02024364722778
130.14080198320326
994.0755578279263
1288.5655029975296
1701.0191892475423
1969.990496063092
2008.3861582864374
2035.1575289855934
2054.782599811237
2069.5033306837868
2078.7058003408906
2084.6312760896126
2090.2484203076237
2474.448867414015
2479.361233933621
2481.064722212715
2483.488426158185
2487.410179068959
2487.91288492243
2490.6367699587768
2491.8396169703124
2491.9248025774573
2493.381953108096
2494.658442091962
2495.6256259242646
2495.4839694790776
2497.200264553059
2497.0565446784417
2496.9861720382683
2497.864791291589
2497.963150657446
2497.466280682351
2497.5451318160863
2498.305631999744
2498.8001322765294
2498.5198273505493
2499.001254468981
2499.1287863895423
2498.647006028495
2499.1287863895423
2499.0471466061217
2499.3200136379833
2499.215861880439
2499.3200136379833
2499.3200136379833
2499.432651183438
2499.5420791436864
2499.432651183438
2499.8453487972793
2499.60793094022
2499.6785440695303
2499.51189641033
2499.8453487972793
2500.0
2499.8453487972793
2499.6785440695303
2500.0
2499.7559482051647
2499.8453487972793
2500.0
2499.8453487972793
2500.0
2499.8453487972793
2499.8453487972793
2500.0
2499.8453487972793
2499.7559482051647
2500.0
2499.8453487972793
2500.0
2499.8453487972793
2499.8453487972793
2500.0
2499.7559482051647
2500.0
2499.8453487972793
2500.0
2500.0
2500.0
2500.0
2500.0
2499.8453487972793
2500.0
2499.8453487972793
2500.0
2500.0
2500.0
2500.0
2500.0
2500.0
2500.0
2500.0
2500.0
2500.0
2500.0
