0.0 0	0.0 0	0.0 0	0.0 0
0.1 38	0.1 31	0.1 34	0.1 3
0.2 44	0.2 22	0.2 44	0.2 32
0.30000000000000004 45	0.30000000000000004 46	0.30000000000000004 0	0.30000000000000004 35
0.4 47	0.4 48	0.4 45	0.4 35
0.5 48	0.5 48	0.5 47	0.5 35
0.6 48	0.6 46	0.6 48	0.6 35
0.7 48	0.7 48	0.7 47	0.7 35
0.7999999999999999 48	0.7999999999999999 48	0.7999999999999999 48	0.7999999999999999 35
0.8999999999999999 48	0.8999999999999999 48	0.8999999999999999 47	0.8999999999999999 35
0.9999999999999999 48	0.9999999999999999 48	0.9999999999999999 48	0.9999999999999999 35
