1.0
1.607460512985083
2.1825675403644724
6.3646045517399745
12.727877988888203
70.19889681661158
385.6328678255532
1465.2640087893838
2113.223586483476
2225.238657745699
2325.7651685384717
2372.683910151222
2408.307149497453
2428.1397426589383
2444.6364182739862
2457.1012948708812
2463.7377445154057
2469.823122227206
2476.4338770725303
2481.06564187875
2484.0080444334712
2487.113864928938
2488.2279545028687
2490.571398182378
2492.8560811934926
2492.4535981542517
2493.4782614183337
2494.2440978315644
2495.3767917855484
2495.925146188851
2496.8034825232608
2497.4891774031107
2497.8459142303595
2497.9601849259534
2497.7162935040665
2498.7237008291418
2498.6260685382426
2499.116792936011
2499.166325491506
2499.2370832706392
2499.6186048108816
2499.4651480645834
2499.7046006661258
2499.2688031101634
2499.612438919986
2499.4052953150144
2499.85610556764
2499.607460512985
2499.9052953150144
2499.9185105025635
2499.6180453665
2499.8799863620166
2499.64291186094
2499.9639536081613
2500.0214559304695
2499.9185105025635
2499.9247913585787
2499.998745531019
2499.9579208563136
2500.0440517948355
2499.9920690597805
2500.0790277568794
2500.0440517948355
2499.9920690597805
2499.9920690597805
2500.0214559304695
2500.0440517948355
2500.1093024054408
2500.0214559304695
2500.0
2500.0
2500.0546512027204
2500.0546512027204
2500.0
2500.0546512027204
2500.0546512027204
2500.0546512027204
2500.0546512027204
2500.0
2500.0
2500.0546512027204
2500.0
2500.0
2500.0
2500.0
2500.0440517948355
2500.0
2500.0
2500.0
2500.0
2500.0
2500.0
2500.0
2500.0
2500.0546512027204
2500.0
2500.0
2500.0
2500.0
2500.0
