1.0
0.9925394870149171
1.2174324596355275
2.4353954482600266
3.4721220111117965
1.0011031833884303
93.06713217444678
754.8359912106162
1521.576413516524
2173.6613422543005
2284.5348314615285
2349.516089848778
2391.192850502547
2419.160257341062
2436.163581726014
2449.8987051291188
2456.5622554845945
2464.8768777727937
2471.66612292747
2476.0343581212505
2480.1919555665286
2483.086135071062
2484.7720454971313
2487.628601817622
2489.2439188065077
2489.0464018457483
2490.6217385816667
2490.855902168436
2492.9232082144517
2493.4748538111485
2495.1965174767392
2496.1108225968896
2496.254085769641
2496.5398150740466
2496.0837064959337
2497.5762991708584
2497.3739314617574
2497.883207063989
2497.9336745084943
2497.862916729361
2498.781395189118
2498.634851935417
2498.8953993338746
2497.9311968898364
2498.6875610800143
2498.694704684986
2499.14389443236
2498.992539487015
2499.194704684986
2499.2814894974363
2498.8819546335
2499.3200136379833
2498.9570881390605
2499.336046391839
2499.6785440695303
2499.2814894974363
2499.3752086414215
2499.3012544689814
2499.5420791436864
2499.7559482051647
2499.60793094022
2499.6209722431204
2499.7559482051647
2499.60793094022
2499.60793094022
2499.6785440695303
2499.7559482051647
2499.6906975945594
2499.6785440695303
2500.0
2500.0
2499.8453487972793
2499.8453487972793
2500.0
2499.8453487972793
2499.8453487972793
2499.8453487972793
2499.8453487972793
2500.0
2500.0
2499.8453487972793
2500.0
2500.0
2500.0
2500.0
2499.7559482051647
2500.0
2500.0
2500.0
2500.0
2500.0
2500.0
2500.0
2500.0
2499.8453487972793
2500.0
2500.0
2500.0
2500.0
2500.0
